52 
5 1 -> 5 3
3 6 -> 3 4
3 1 -> 3 3
3 7 -> 3 5
3 0 -> 3 2
2 7 -> 5 4
6 1 -> 6 3
1 7 -> 2 5
6 0 -> 7 2
6 7 -> 5 5
5 0 -> 6 1
6 6 -> 6 5
1 0 -> 2 2
5 7 -> 7 5
1 1 -> 1 3
0 7 -> 1 7
2 0 -> 0 2
1 7 -> 0 7
3 2 -> 5 4
4 7 -> 6 7
4 1 -> 4 2
3 5 -> 1 3
4 2 -> 4 3
1 3 -> 3 3
6 1 -> 5 2
3 3 -> 3 0
4 0 -> 3 0
2 5 -> 3 3
3 0 -> 3 1
3 3 -> 4 1
3 1 -> 4 1
3 4 -> 3 3
4 1 -> 5 1
3 3 -> 3 2
5 1 -> 6 1
3 2 -> 3 1
6 1 -> 6 2
3 1 -> 3 0
2 2 -> 1 4
3 0 -> 0 0
1 4 -> 3 5
1 6 -> 1 4
7 2 -> 6 4
1 4 -> 1 3
2 1 -> 2 3
1 3 -> 2 2
4 3 -> 4 4
2 2 -> 2 1
4 4 -> 4 5
2 1 -> 2 0
